int main () {
	int a = -19200;
	return 0;
}

0 0 0 0 0 0 0 0 0 0 0 0 0 0 0 0 0 1 0 0 1 0 1 1 0 0 0 0 0 0 0 0

1 1 1 1 1 1 1 1 1 1 1 1 1 1 1 1 1 0 1 1 0 1 0 0 1 1 1 1 1 1 1 1 
                                                              1
---------------------------------------------------------------
1 1 1 1 1 1 1 1 1 1 1 1 1 1 1 1 1 0 1 1 0 1\0 1 0 0 0 0 0 0 0 0 
------------------------------------------- -------------------
		4.192.285			   256



1 1 1 1 1 1 1 1 1 1 1 1 1 1 1 1 1 0 1 1 0 1 

0 0 0 0 0 0 0 0 0 0 0 0 0 0 0 0 0 1 0 0 1 0
					  1
-------------------------------------------
0 0 0 0 0 0 0 0 0 0 0 0 0 0 0 0 0 1 0 0 1 1 ------> -19



SETHI -19, %l0
OR %l0, 256, %l1
MOV 0, o0